1.176871e+04,3.106015e+03,-2.347131e+03,6.956527e+03,4.226362e+03,-2.839356e+02
3.106015e+03,3.018111e+04,-3.302026e+01,6.530380e+04,2.005391e+04,-3.148896e+03
-2.347131e+03,-3.302026e+01,7.382462e+03,2.562153e+04,2.352241e+05,-1.145157e+02
6.956527e+03,6.530380e+04,2.562153e+04,6.526366e+05,3.507770e+05,-2.515403e+03
4.226362e+03,2.005391e+04,2.352241e+05,3.507770e+05,3.085511e+05,-8.958473e+03
-2.839356e+02,-3.148896e+03,-1.145157e+02,-2.515403e+03,-8.958473e+03,5.352513e+04
