1.525504e+17,1.186866e+17,1.172964e+17,1.987847e+17,1.893166e+17,-1.441031e+17
1.186866e+17,9.234005e+16,9.125840e+16,1.546577e+17,1.472913e+17,-1.121145e+17
1.172964e+17,9.125840e+16,9.018943e+16,1.528460e+17,1.455659e+17,-1.108012e+17
1.987847e+17,1.546577e+17,1.528460e+17,2.590316e+17,2.466938e+17,-1.877773e+17
1.893166e+17,1.472913e+17,1.455659e+17,2.466938e+17,2.349437e+17,-1.788334e+17
-1.441031e+17,-1.121145e+17,-1.108012e+17,-1.877773e+17,-1.788334e+17,1.361236e+17
