4.623075e+02,1.685150e+02,1.714062e+02,3.740229e+03,3.802413e+03,-3.578740e+02
1.685150e+02,6.032191e+01,6.348248e+01,1.399000e+03,1.365763e+03,-1.325761e+02
1.714062e+02,6.348248e+01,6.565176e+01,1.494775e+03,1.369851e+03,-1.409592e+02
3.740229e+03,1.399000e+03,1.494775e+03,3.412270e+04,2.996750e+04,-3.200125e+03
3.802413e+03,1.365763e+03,1.369851e+03,2.996750e+04,3.092282e+04,-2.835760e+03
-3.578740e+02,-1.325761e+02,-1.409592e+02,-3.200125e+03,-2.835760e+03,2.984133e+02
