8.968450e+03,3.116738e+03,8.712108e+03,2.282560e+04,3.355954e+03,-1.877187e+02
3.116738e+03,2.212879e+04,2.805090e+04,1.038542e+05,1.210783e+04,-3.364563e+03
8.712108e+03,2.805090e+04,5.127049e+05,2.400858e+05,2.800669e+05,-4.843526e+03
2.282560e+04,1.038542e+05,2.400858e+05,5.359846e+07,3.973520e+05,-9.554759e+03
3.355954e+03,1.210783e+04,2.800669e+05,3.973520e+05,6.977700e+04,-9.131976e+03
-1.877187e+02,-3.364563e+03,-4.843526e+03,-9.554759e+03,-9.131976e+03,1.611880e+03
