2.916994e+06,-2.063906e+06,3.776926e+06,2.762546e+07,-2.418983e+05,-9.281026e+05
-2.063906e+06,8.560436e+12,-2.671296e+06,-1.954320e+07,1.711342e+05,6.566747e+05
3.776926e+06,-2.671296e+06,4.888832e+06,3.576788e+07,-3.131247e+05,-1.201519e+06
2.762546e+07,-1.954320e+07,3.576788e+07,2.616278e+08,-2.290639e+06,-8.789619e+06
-2.418983e+05,1.711342e+05,-3.131247e+05,-2.290639e+06,2.005532e+04,7.695610e+04
-9.281026e+05,6.566747e+05,-1.201519e+06,-8.789619e+06,7.695610e+04,2.952953e+05
