1.777158e+07,-1.257383e+07,2.300706e+07,1.683018e+08,-1.473603e+06,-5.654193e+06
-1.257383e+07,8.057429e+07,-1.627645e+07,-1.190730e+08,1.042580e+06,4.000480e+06
2.300706e+07,-1.627645e+07,2.978255e+07,2.178808e+08,-1.907594e+06,-7.319620e+06
1.683018e+08,-1.190730e+08,2.178808e+08,1.593865e+09,-1.395503e+07,-5.354678e+07
-1.473603e+06,1.042580e+06,-1.907594e+06,-1.395503e+07,1.221828e+05,4.688270e+05
-5.654193e+06,4.000480e+06,-7.319620e+06,-5.354678e+07,4.688270e+05,1.798934e+06
