1.531457e+08,-1.083531e+08,1.982546e+08,1.450328e+09,-1.269832e+07,-4.872410e+07
-1.083531e+08,4.997383e+08,-1.402666e+08,-1.026125e+09,8.984238e+06,3.447309e+07
1.982546e+08,-1.402666e+08,2.566477e+08,1.877517e+09,-1.643846e+07,-6.307542e+07
1.450328e+09,-1.026125e+09,1.877517e+09,1.373496e+10,-1.202558e+08,-4.614293e+08
-1.269832e+07,8.984238e+06,-1.643846e+07,-1.202558e+08,1.052895e+06,4.040024e+06
-4.872410e+07,3.447309e+07,-6.307542e+07,-4.614293e+08,4.040024e+06,1.550183e+07
