2.3282209278102357e+00,1.8574724039316990e+00,1.5755214843776502e+00,1.6937694017143139e+00,2.2327232444761109e+00,-1.7187842704257972e+00
1.8574724039316990e+00,1.4409090996828522e+00,1.4191448561833209e+00,1.5344635373496698e+00,1.7761539720278567e+00,-1.5482728276211026e+00
1.5755214843776502e+00,1.4191448561833209e+00,1.4091159719096444e+00,1.9085358200308558e+00,1.4134094502514325e+00,-1.8039699296825449e+00
1.6937694017143139e+00,1.5344635373496698e+00,1.9085358200308558e+00,2.4290671657943181e+00,1.3837343846456704e+00,-2.3051573588985628e+00
2.2327232444761109e+00,1.7761539720278567e+00,1.4134094502514325e+00,1.3837343846456704e+00,2.1158043187607158e+00,-1.5361834373400662e+00
-1.7187842704257972e+00,-1.5482728276211026e+00,-1.8039699296825449e+00,-2.3051573588985628e+00,-1.5361834373400662e+00,2.1275333763588207e+00
