2.9724678283315953e-01,-8.2545210604123056e+01,3.9049351794490917e+01,-7.6414743932882160e+01,-7.7247068638907237e+01,4.1484249071025438e+01,-1.3590487305168142e+00
-8.2545210604123056e+01,4.5256418997041158e+02,-1.5603785458306439e+02,3.0823366921028816e+02,3.1181444242374431e+02,-1.5600598292999911e+02,3.6164443056635287e+00
3.9049351794490917e+01,-1.5603785458306439e+02,2.4201045903567195e+01,-1.6013010395854576e+02,-1.5909026139903989e+02,7.9947893075085432e+01,-1.6551513507011406e-01
-7.6414743932882160e+01,3.0823366921028816e+02,-1.6013010395854576e+02,2.1738870192659283e+02,3.2064730549911530e+02,-1.6851847477363259e+02,5.1268294849508989e-01
-7.7247068638907237e+01,3.1181444242374431e+02,-1.5909026139903989e+02,3.2064730549911530e+02,2.0900106799729787e+02,-1.5632787580727319e+02,1.1083433779406988e+00
4.1484249071025438e+01,-1.5600598292999911e+02,7.9947893075085432e+01,-1.6851847477363259e+02,-1.5632787580727319e+02,1.5760085141191470e+02,-7.8707851320602906e-01
-1.3590487305168142e+00,3.6164443056635287e+00,-1.6551513507011406e-01,5.1268294849508989e-01,1.1083433779406988e+00,-7.8707851320602906e-01,8.3463818492669457e+00
