2.9671190485328106e+02,-7.2629035752363194e+01,1.7075629178928702e+02,5.4876820623414254e+01,-5.4422968080781601e+01,8.8245842530713361e+01,5.8406817508258641e+01
-7.2629035752363194e+01,2.0037113559430672e+01,-6.4898138937652917e+01,-6.2383449299852643e+01,3.9127759331749438e+01,-4.8556927423683574e+00,-1.7055065283107048e+01
1.7075629178928702e+02,-6.4898138937652917e+01,2.3237476380876882e+02,8.1686338316175608e+01,-7.7645575434201220e+01,4.8344895021615919e+01,1.1889808873039050e+02
5.4876820623414254e+01,-6.2383449299852643e+01,8.1686338316175608e+01,1.7170702694957006e+02,-8.3191547506729037e+01,-6.9813186959707920e+01,3.1809512057819838e+00
-5.4422968080781601e+01,3.9127759331749438e+01,-7.7645575434201220e+01,-8.3191547506729037e+01,7.2908457041853197e+01,1.3647145609779862e+01,-2.6962899115091123e+01
8.8245842530713361e+01,-4.8556927423683574e+00,4.8344895021615919e+01,-6.9813186959707920e+01,1.3647145609779862e+01,7.9760812309829703e+01,2.9269088948221857e+01
5.8406817508258641e+01,-1.7055065283107048e+01,1.1889808873039050e+02,3.1809512057819838e+00,-2.6962899115091123e+01,2.9269088948221857e+01,1.6806334670248773e+02
