%%MatrixMarket matrix array real general
13 13
3.054837e-03  0.000000e+00  0.000000e+00  -4.358874e-04  0.000000e+00  1.744148e+01  -1.333236e+01  0.000000e+00  0.000000e+00  -3.654419e+00  0.000000e+00  0.000000e+00  1.019733e-02 
0.000000e+00  1.682809e+01  1.677392e+01  1.677392e+01  -3.722264e-01  0.000000e+00  0.000000e+00  0.000000e+00  0.000000e+00  0.000000e+00  0.000000e+00  2.381504e-03  0.000000e+00 
0.000000e+00  1.677392e+01  2.608386e+01  1.677392e+01  0.000000e+00  -7.050848e+03  0.000000e+00  0.000000e+00  0.000000e+00  0.000000e+00  0.000000e+00  0.000000e+00  2.546494e+00 
-4.358874e-04  1.677392e+01  1.677392e+01  1.681297e+01  0.000000e+00  0.000000e+00  -9.343242e-01  0.000000e+00  0.000000e+00  0.000000e+00  0.000000e+00  0.000000e+00  0.000000e+00 
0.000000e+00  -3.722264e-01  0.000000e+00  0.000000e+00  2.450262e+03  -7.991431e+03 0.000000e+00  2.570813e+03  -1.131825e+04  1.481380e+03  -5.573957e-01  5.311453e+00  -4.133657e+00 
1.744148e+01  0.000000e+00  -7.050848e+03  0.000000e+00  -7.991431e+03  5.460103e+06 -4.708714e+04  0.000000e+00  4.678374e+04  -2.696242e+04  0.000000e+00  -2.202699e+01  -1.857916e+03 
-1.333236e+01  0.000000e+00  0.000000e+00  -9.343242e-01  0.000000e+00  -4.708714e+04 3.608984e+04  0.000000e+00  0.000000e+00  1.242868e+04  0.000000e+00  0.000000e+00  -3.474327e+01 
0.000000e+00  0.000000e+00  0.000000e+00  0.000000e+00  2.570813e+03  0.000000e+00  0.000000e+00  1.915445e+04  -1.468572e+04  0.000000e+00  -1.072745e+00  9.258355e+00  0.000000e+00 
0.000000e+00  0.000000e+00  0.000000e+00  0.000000e+00  -1.131825e+04  4.678374e+04  0.000000e+00  -1.468572e+04  7.313715e+04  -9.284628e+03  1.630141e+00  -3.305076e+01  2.590792e+01 
-3.654419e+00  0.000000e+00  0.000000e+00  0.000000e+00  1.481380e+03  -2.696242e+04 1.242868e+04  0.000000e+00  -9.284628e+03  6.943289e+03  0.000000e+00  4.126936e+00  -1.538458e+01 
0.000000e+00  0.000000e+00  0.000000e+00  0.000000e+00  -5.573957e-01  0.000000e+00 0.000000e+00  -1.072745e+00  1.630141e+00  0.000000e+00  1.337294e-03  -2.744599e-03  0.000000e+00 
0.000000e+00  2.381504e-03  0.000000e+00  0.000000e+00  5.311453e+00  -2.202699e+01 0.000000e+00  9.258355e+00  -3.305076e+01  4.126936e+00  -2.744599e-03  2.297093e-02  -1.151585e-02 
1.019733e-02  0.000000e+00  2.546494e+00  0.000000e+00  -4.133657e+00  -1.857916e+03 -3.474327e+01  0.000000e+00  2.590792e+01  -1.538458e+01  0.000000e+00  -1.151585e-02  7.504360e-01 
