%%MatrixMarket matrix array real general
15 15
3.108368e+03  0.000000e+00  -5.167549e+02  4.735402e+02  0.000000e+00  -1.230110e+02  -2.257564e+02  5.978173e+02  1.230110e+02  -1.061679e+04  1.174362e+04  1.638257e+03  -1.547282e+04  7.284097e+03  -5.999153e+01 
0.000000e+00  3.293424e+02  0.000000e+00  -1.207375e+02  -3.606776e+02  -7.673883e-01  -1.215049e+02  1.215049e+02  7.673883e-01  5.206418e+03  -1.659629e+03  -3.849114e+03  4.538911e+03  1.534777e+01  -9.536215e+02 
-5.167549e+02  0.000000e+00  1.036864e+03  2.676573e+02  0.000000e+00  1.983859e+02  3.866390e+02  -7.181687e+02  -1.983859e+02  7.399141e+03  -4.352786e+03  -2.461693e+03  1.057666e+04  -2.447663e+03  2.310069e+02 
4.735402e+02  -1.207375e+02  2.676573e+02  1.968085e+03  2.414749e+02  2.447581e+02  5.215131e+02  -5.622509e+02  -2.447581e+02  -1.179849e+04  2.143511e+04  2.174400e+02  -1.719580e+04  1.434169e+04  3.484099e+02 
0.000000e+00  -3.606776e+02  0.000000e+00  2.414749e+02  5.510657e+02  8.667956e+01  3.281545e+02  -3.281545e+02  -8.667956e+01  -4.699917e+03  -8.653314e+01  5.995333e+03  -3.628556e+03  -1.733591e+03  5.449266e+02 
-1.230110e+02  -7.673883e-01  1.983859e+02  2.447581e+02  8.667956e+01  2.826802e+05  2.332183e+02  -3.464992e+02  -1.150979e+02  1.809151e+03  -6.402758e+02  9.228769e+01  2.405136e+03  -3.950760e+02  -1.933346e+02 
-2.257564e+02  -1.215049e+02  3.866390e+02  5.215131e+02  3.281545e+02  2.332183e+02  6.205915e+05  -7.158585e+02  -2.332183e+02  2.074687e+03  -1.610106e+03  2.056354e+03  3.763519e+03  -1.689320e+03  -1.142060e+02 
5.978173e+02  1.215049e+02  -7.181687e+02  -5.622509e+02  -3.281545e+02  -3.464992e+02  -7.158585e+02  1.209780e+03  3.464992e+02  -5.920038e+03  3.526583e+03  -3.727344e+02  -8.958625e+03  2.055066e+03  4.145635e+01 
1.230110e+02  7.673883e-01  -1.983859e+02  -2.447581e+02  -8.667956e+01  -1.150979e+02  -2.332183e+02  3.464992e+02  2.069032e+02  -1.809151e+03  6.402758e+02  -9.228769e+01  -2.405136e+03  3.950760e+02  1.933346e+02 
-1.061679e+04  5.206418e+03  7.399141e+03  -1.179849e+04  -4.699917e+03  1.809151e+03  2.074687e+03  -5.920038e+03  -1.809151e+03  2.760217e+05  -2.761977e+05  -6.306436e+04  3.596780e+05  -1.713636e+05  -1.766351e+04 
1.174362e+04  -1.659629e+03  -4.352786e+03  2.143511e+04  -8.653314e+01  -6.402758e+02  -1.610106e+03  3.526583e+03  6.402758e+02  -2.761977e+05  4.019389e+05  -1.235650e+04  -4.011662e+05  2.804781e+05  1.266296e+04 
1.638257e+03  -3.849114e+03  -2.461693e+03  2.174400e+02  5.995333e+03  9.228769e+01  2.056354e+03  -3.727344e+02  -9.228769e+01  -6.306436e+04  -1.235650e+04  7.769017e+04  -5.463904e+04  -3.145805e+04  4.499722e+03 
-1.547282e+04  4.538911e+03  1.057666e+04  -1.719580e+04  -3.628556e+03  2.405136e+03  3.763519e+03  -8.958625e+03  -2.405136e+03  3.596780e+05  -4.011662e+05  -5.463904e+04  4.918702e+05  -2.611859e+05  -1.668021e+04 
7.284097e+03  1.534777e+01  -2.447663e+03  1.434169e+04  -1.733591e+03  -3.950760e+02  -1.689320e+03  2.055066e+03  3.950760e+02  -1.713636e+05  2.804781e+05  -3.145805e+04  -2.611859e+05  2.046047e+05  6.730520e+03 
-5.999153e+01  -9.536215e+02  2.310069e+02  3.484099e+02  5.449266e+02  -1.933346e+02  -1.142060e+02  4.145635e+01  1.933346e+02  -1.766351e+04  1.266296e+04  4.499722e+03  -1.668021e+04  6.730520e+03  2.587792e+05 
