%%MatrixMarket matrix array real general
15 15
 1.059266e+09  0.000000e+00  1.480935e+07  6.985049e+07  0.000000e+00  7.510394e+06  1.512791e+07  -1.438086e+07  -7.510394e+06  -3.191232e+08  6.941077e+08  -8.926775e+07  -4.925192e+08  4.972485e+08  1.539431e+07 
 0.000000e+00  1.329347e+06  0.000000e+00  -1.256659e+06  -2.554854e+06  -6.075616e+05 -1.864221e+06  1.864221e+06  6.075616e+05  1.397867e+07  6.709235e+06  -2.875104e+07  8.869108e+06  1.215123e+07  -3.322882e+05 
1.480935e+07  0.000000e+00  8.725663e+07  6.998185e+07  0.000000e+00  7.989634e+06  1.592571e+07  -1.645851e+07  -7.989634e+06  -3.019492e+08  6.846409e+08  -9.630410e+07  -4.696609e+08  4.947625e+08  1.571287e+07 
6.985049e+07  -1.256659e+06  6.998185e+07  3.166766e+08  2.513318e+06  3.573406e+07  7.194647e+07  -7.246672e+07  -3.573406e+07  -1.417938e+09  3.114424e+09  -3.941328e+08  -2.186925e+09  2.238316e+09  6.995133e+07 
0.000000e+00  -2.554854e+06  0.000000e+00  2.513318e+06  5.050372e+06  1.244792e+06  3.758110e+06  -3.758110e+06  -1.244792e+06  -2.594009e+07  -1.460521e+07  5.690870e+07  -1.583943e+07  -2.489584e+07  1.898790e+05 
7.510394e+06  -6.075616e+05  7.989634e+06  3.573406e+07  1.244792e+06  5.016535e+10  8.858423e+06  -9.152307e+06  -4.301877e+06  -1.599385e+08  3.424959e+08  -3.416066e+07  -2.429526e+08  2.442815e+08  7.721675e+06 
1.512791e+07  -1.864221e+06  1.592571e+07  7.194647e+07  3.758110e+06  8.858423e+06  1.088247e+11  -1.897337e+07  -8.858423e+06  -3.254925e+08  6.780313e+08  -5.296359e+07  -4.879125e+08  4.789795e+08  1.553829e+07 
-1.438086e+07  1.864221e+06  -1.645851e+07  -7.246672e+07  -3.758110e+06  -9.152307e+06  -1.897337e+07  2.036315e+07  9.152307e+06  3.246805e+08  -6.868053e+08  5.820415e+07  4.891608e+08  -4.894691e+08  -1.561793e+07 
-7.510394e+06  6.075616e+05  -7.989634e+06  -3.573406e+07  -1.244792e+06  -4.301877e+06  -8.858423e+06  9.152307e+06  2.801681e+07  1.599385e+08  -3.424959e+08  3.416066e+07  2.429526e+08  -2.442815e+08  -7.721675e+06 
-3.191232e+08  1.397867e+07  -3.019492e+08  -1.417938e+09  -2.594009e+07  -1.599385e+08  -3.254925e+08  3.246805e+08  1.599385e+08  6.559059e+09  -1.398907e+10  1.565848e+09 1.002158e+10  -1.000701e+10  -3.149786e+08 
6.941077e+08  6.709235e+06  6.846409e+08  3.114424e+09  -1.460521e+07  3.424959e+08 6.780313e+08  -6.868053e+08  -3.424959e+08  -1.398907e+10  3.113412e+10  -4.350729e+09  -2.175777e+10  2.251253e+10  6.924170e+08 
 -8.926775e+07  -2.875104e+07  -9.630410e+07  -3.941328e+08  5.690870e+07  -3.416066e+07  -5.296359e+07  5.820415e+07  3.416066e+07  1.565848e+09  -4.350729e+09  1.228386e+09 2.714279e+09  -3.316535e+09  -9.190058e+07 
 -4.925192e+08  8.869108e+06  -4.696609e+08  -2.186925e+09  -1.583943e+07  -2.429526e+08  -4.879125e+08  4.891608e+08  2.429526e+08  1.002158e+10  -2.175777e+10  2.714279e+09 1.543878e+10  -1.564454e+10  -4.845767e+08 
4.972485e+08  1.215123e+07  4.947625e+08  2.238316e+09  -2.489584e+07  2.442815e+08  4.789795e+08  -4.894691e+08  -2.442815e+08  -1.000701e+10  2.251253e+10  -3.316535e+09  -1.564454e+10  1.633685e+10  4.980209e+08 
1.539431e+07  -3.322882e+05  1.571287e+07  6.995133e+07  1.898790e+05  7.721675e+06 1.553829e+07  -1.561793e+07  -7.721675e+06  -3.149786e+08  6.924170e+08  -9.190058e+07  -4.845767e+08  4.980209e+08  5.765157e+10 
