%%MatrixMarket matrix array real general
6 6
2.778107e+04  2.808489e+03  -4.414093e+03  8.729257e+03  1.598629e+04  -2.852084e+02 
2.808489e+03  2.942422e+04  -5.303867e+03  6.299816e+04  5.810943e+04  -3.025337e+03 
-4.414093e+03  -5.303867e+03  9.532241e+03  6.193109e+03  1.974593e+05  5.384098e+02 
8.729257e+03  6.299816e+04  6.193109e+03  8.638654e+04  4.323932e+05  -2.179072e+03 
1.598629e+04  5.810943e+04  1.974593e+05  4.323932e+05  1.011933e+06  -1.253024e+04 
-2.852084e+02  -3.025337e+03  5.384098e+02  -2.179072e+03  -1.253024e+04  1.237449e+05 
