%%MatrixMarket matrix array real general
6 6
1.562421e+32  1.215588e+32  1.201349e+32  2.035953e+32  1.938980e+32  -1.475904e+32 
1.215588e+32  9.457465e+31  9.346683e+31  1.584003e+32  1.508557e+32  -1.148276e+32 
1.201349e+32  9.346683e+31  9.237198e+31  1.565449e+32  1.490886e+32  -1.134826e+32 
2.035953e+32  1.584003e+32  1.565449e+32  2.653001e+32  2.526637e+32  -1.923214e+32 
1.938980e+32  1.508557e+32  1.490886e+32  2.526637e+32  2.406293e+32  -1.831611e+32 
-1.475904e+32  -1.148276e+32  -1.134826e+32  -1.923214e+32  -1.831611e+32  1.394177e+32 
