%%MatrixMarket matrix array real general
6 6
2.049454e+04  2.863257e+03  -4.180617e+03  8.197028e+03  1.380927e+04  -2.890153e+02 
2.863257e+03  2.956239e+04  -4.662896e+03  6.335580e+04  5.013890e+04  -3.060632e+03 
-4.180617e+03  -4.662896e+03  8.913422e+03  9.757075e+03  2.079681e+05  4.643070e+02 
8.197028e+03  6.335580e+04  9.757075e+03  1.244420e+05  4.169214e+05  -2.221525e+03 
1.380927e+04  5.013890e+04  2.079681e+05  4.169214e+05  7.870083e+05  -1.182788e+04 
-2.890153e+02  -3.060632e+03  4.643070e+02  -2.221525e+03  -1.182788e+04  1.026310e+05 
