%%MatrixMarket matrix array real general
6 6
2.180986e+04  2.484117e+04  2.584654e+04  1.060786e+05  2.167759e+05  -1.431729e+03 
2.484117e+04  1.389070e+05  1.254764e+05  4.189398e+05  9.034137e+05  -9.592806e+03 
2.584654e+04  1.254764e+05  1.846812e+05  4.521847e+05  1.361394e+06  -9.865134e+03 
1.060786e+05  4.189398e+05  4.521847e+05  1.618659e+06  3.634353e+06  -2.768029e+04 
2.167759e+05  9.034137e+05  1.361394e+06  3.634353e+06  8.333925e+06  -7.730528e+04 
-1.431729e+03  -9.592806e+03  -9.865134e+03  -2.768029e+04  -7.730528e+04  2.617978e+03 
