%%MatrixMarket matrix array real general
6 6
 1.841340e+04  1.701315e+04  1.970468e+04  7.422152e+04  1.511758e+05  -1.214382e+03 
 1.701315e+04  9.652209e+04  8.240030e+04  3.119587e+05  5.850951e+05  -7.479817e+03 
 1.970468e+04  8.240030e+04  1.309207e+05  3.617559e+05  9.738234e+05  -7.302602e+03 
 7.422152e+04  3.119587e+05  3.617559e+05  1.403662e+06  2.727619e+06  -2.279932e+04 
 1.511758e+05  5.850951e+05  9.738234e+05  2.727619e+06  5.566996e+06  -5.717194e+04 
-1.214382e+03  -7.479817e+03  -7.302602e+03  -2.279932e+04  -5.717194e+04  2.916055e+03 
