%%MatrixMarket matrix array real general
6 6
6.315922e+06  -4.433398e+06  7.888365e+06  5.883255e+07  -5.206795e+05  -2.008794e+06 
-4.433398e+06  3.112062e+06  -5.535775e+06  -4.129287e+07  3.654598e+05  1.410053e+06 
7.888365e+06  -5.535775e+06  9.850336e+06  7.347781e+07  -6.501997e+05  -2.508665e+06 
5.883255e+07  -4.129287e+07  7.347781e+07  5.480235e+08  -4.849764e+06  -1.871184e+07 
-5.206795e+05  3.654598e+05  -6.501997e+05  -4.849764e+06  4.291831e+04  1.655916e+05 
-2.008794e+06  1.410053e+06  -2.508665e+06  -1.871184e+07  1.655916e+05  6.389023e+05 
