%%MatrixMarket matrix array real general
26 26
   2.2688230586792413e+00  -1.4872929978268164e-02   5.8391731718347592e-02  -1.6871358050757200e-02  -2.1352649894126659e-02   3.3271937739621761e-02  -2.3290333395768983e-02  -4.6893797761116390e-04   5.3239799759224909e-02   5.7963529572995845e-02   9.5567733555326217e-02   1.7620945955037909e-02  -3.4514513383267997e-02   4.4921731379349884e-03   3.5878626747663789e-02  -2.8438968719786666e-02   3.0923442462693421e-02   2.1071417929147976e-02   8.3916967431482581e-02  -1.4956914355472733e-02   3.8761413473372461e-02   5.8398993356227613e-03   1.3490106340469810e-01  -1.2791130412762732e+00  -1.7189203246830171e-02   2.5497738703001954e-02
  -1.4872929978268164e-02   1.3934221190467506e+00  -2.3301717210895423e-01  -2.7678577228735296e-03   2.9243010980383486e-02   6.4184432381454784e-02  -1.9618139987096970e-02   6.8928923716035539e-01  -8.0097834466547613e-02  -8.5928417639999055e-01   2.0880338867640486e-01  -2.0564057882734976e-03  -8.8800364899013634e-02  -8.4145329668772237e-02  -1.7644517805512655e-02   4.7340512516841116e-01  -1.7576563621446732e-03  -1.6375199134326789e-02   7.4436178983318238e-02  -2.8474666531133713e-02  -7.0960611520882889e-03   3.7335848022122181e-01   2.8368733650023259e-01  -2.8644708259044989e-03  -2.7690636335811463e-02   6.7008249378040369e-02
   5.8391731718347592e-02  -2.3301717210895423e-01   1.5800729386694095e+00  -3.0045576553855177e-03  -9.7546624636445173e-02  -4.1562006043758659e-01  -7.9362579452492102e-02  -3.6245279894750598e-01  -3.2077237899236299e-01   2.8308973948000415e-01   4.7561998597435612e-01  -4.3360278676156744e-02  -3.6961482353612013e-01   4.6705632867618219e-01   2.8920306465777264e-02   2.0753749039818542e-01   5.1962373122549521e-01  -3.3302042863635514e-02  -6.5767804047129585e-01  -3.6218726553380282e-01  -3.8433116817012017e-02   8.6789397041513047e-02   5.3624499000797288e-01  -2.3842772129883477e-02   4.5391482880007017e-01   1.1342984855577556e-01
  -1.6871358050757200e-02  -2.7678577228735296e-03  -3.0045576553855177e-03   2.3007624146381125e+00  -1.2120198628232239e-01  -6.0463345466269542e-03   1.2937888119906136e+00  -4.7732201992990947e-04  -4.3621024394916970e-03   6.7338014638566078e-03   9.5675447675354519e-02   2.8950401889279373e-03  -9.8836609499424327e-03   2.1032087486230991e-02   6.8198482085051557e-03   1.8116245954912780e-02   1.1142412110527983e-03   6.0179563380759384e-03  -2.7095083227760351e-02   2.4759092910952747e-02   1.2618771615116493e-02  -9.1232084947359231e-03   1.0097946491268774e-02   1.0070524961035329e-02  -1.3291848055201854e-02   7.1051201051760262e-03
  -2.1352649894126659e-02   2.9243010980383486e-02  -9.7546624636445173e-02  -1.2120198628232239e-01   1.9201489569273980e+00  -2.8653751032323138e-01  -3.6582659254852136e-02  -6.7688381512516688e-02   1.1033214695594329e+00  -1.6906810435317143e-01   2.5187545329408589e-01   1.2847124831163398e-01   1.8129379921113159e-01  -1.6897728034073520e-01   5.0319470515224160e-02  -3.5852221943042217e-01   6.7286366477168985e-02   1.3044136052397681e-01   2.4659290055820490e-01  -9.9757601229525553e-02   2.9964624368090047e-02   4.9214158665299726e-02  -8.5817960395759646e-02   1.1950502712742359e-01   3.8130011531318408e-01   3.0112677712145906e-02
   3.3271937739621761e-02   6.4184432381454784e-02  -4.1562006043758659e-01  -6.0463345466269542e-03  -2.8653751032323138e-01   1.4686779660453655e+00  -1.8849366057155006e-02  -1.7723989135624937e-01  -1.1241067930458015e-01  -5.0441332210765821e-01  -3.7586814700732704e-02   1.0784629844083099e-02   3.0120842068725656e-01   1.9635446978995527e-01  -1.6001826461611596e-02  -2.3569169570568826e-01  -1.7370987068095786e-01  -2.6591349985910728e-02  -1.8499984033848327e-01   2.6007418937023224e-01  -2.2484156354897915e-02   4.8013465522244968e-03  -1.0380624845457442e+00  -1.4895146654885938e-01   1.4671255030121377e-01   2.0463180870488193e-01
  -2.3290333395768983e-02  -1.9618139987096970e-02  -7.9362579452492102e-02   1.2937888119906136e+00  -3.6582659254852136e-02  -1.8849366057155006e-02   2.2880496383815276e+00  -1.4190856429051574e-02   7.1344746237779672e-02   1.8141391209325994e-02   1.0234597804458812e-01   1.2951933016141455e-02  -6.7110318132838562e-03   1.2997349095723258e-04   2.0451918743927600e-02  -4.1833514293150381e-02   1.1946048946972255e-02   1.2500372698525336e-02   7.3176433348026149e-02  -6.0925465866865005e-03   2.0617098476452374e-02   5.8538643599126928e-03   2.4357257757961437e-02   1.3698853614193577e-02  -2.9188089385569979e-02   1.8458003436113098e-02
  -4.6893797761116390e-04   6.8928923716035539e-01  -3.6245279894750598e-01  -4.7732201992990947e-04  -6.7688381512516688e-02  -1.7723989135624937e-01  -1.4190856429051574e-02   1.9542646701396766e+00  -1.7616800026986967e-01  -9.4516131668400483e-01   5.9597331957699701e-02   7.9921526932505756e-03  -1.4921114461031471e-01   1.1213774124897683e-02   7.2758163454572436e-03   3.6578315408653050e-01  -2.6370657005737045e-02  -2.5792919861407027e-02   1.4974496746036420e-01  -2.2071243467937235e-02  -2.7002733073292979e-03   3.0888821865335736e-01   4.9117153346048698e-01  -8.5680684233620120e-03  -2.7387941597277421e-02   9.2984359029677527e-02
   5.3239799759224909e-02  -8.0097834466547613e-02  -3.2077237899236299e-01  -4.3621024394916970e-03   1.1033214695594329e+00  -1.1241067930458015e-01   7.1344746237779672e-02  -1.7616800026986967e-01   2.1177829964297841e+00  -3.0362763074788565e-02   3.8412051521704282e-01   4.8560931437446497e-02   1.2683036132481254e-01  -6.5275411317287035e-02   1.6797974711471979e-02  -2.2891038414369044e-01   6.3601175138137761e-02   2.7477240581670052e-02   2.4431697600440377e-01  -1.7877598210128753e-01  -3.0876084369634876e-02   1.4534827747364121e-01   2.6921535859394295e-02   2.2494719099738470e-03   3.2601875686042570e-01   1.0568256968498568e-01
   5.7963529572995845e-02  -8.5928417639999055e-01   2.8308973948000415e-01   6.7338014638566078e-03  -1.6906810435317143e-01  -5.0441332210765821e-01   1.8141391209325994e-02  -9.4516131668400483e-01  -3.0362763074788565e-02   1.2259912964563195e+00  -2.3555376729493466e-01  -4.2831852352856421e-02   2.7753010450663640e-01  -2.2435543172607558e-01  -7.6200147462748502e-02  -5.7552288918822837e-02  -7.4965135322768661e-02  -3.9733745960040256e-02   2.9745268812202669e-01   1.8516913307713193e-01  -7.5681858859630455e-02   3.0787634506346062e-01   3.1961439133314690e-01   7.0723615903718522e-03   7.9975918944262425e-02   3.2396477027323267e-01
   9.5567733555326217e-02   2.0880338867640486e-01   4.7561998597435612e-01   9.5675447675354519e-02   2.5187545329408589e-01  -3.7586814700732704e-02   1.0234597804458812e-01   5.9597331957699701e-02   3.8412051521704282e-01  -2.3555376729493466e-01   1.2440395593141036e+00  -6.7205918602688472e-02   8.6243515069200027e-02   1.7057680257359820e-01  -1.0297588297267340e-01   3.4326776321189589e-01  -8.2348799082513413e-02  -5.7935108511462795e-02  -7.8227570805812807e-01   1.6712877989300379e-01  -9.0999353786441334e-02  -3.7494594691276140e-02  -1.5693964189161225e-01  -6.0217553007578889e-02   5.0126302050704630e-01   1.7527056396313599e-02
   1.7620945955037909e-02  -2.0564057882734976e-03  -4.3360278676156744e-02   2.8950401889279373e-03   1.2847124831163398e-01   1.0784629844083099e-02   1.2951933016141455e-02   7.9921526932505756e-03   4.8560931437446497e-02  -4.2831852352856421e-02  -6.7205918602688472e-02   2.2636872314070571e+00   3.6650837829605529e-02   2.7006301601493785e-02   1.2730885925272268e+00   5.3056073637597262e-02   6.1491944990161890e-02  -3.2446900272765256e-02  -5.4606970076182475e-02   6.1231066581941572e-02  -2.9743631299315780e-02  -5.1525463031134242e-03   2.2612758240580538e-02  -1.8618596958643333e-02  -1.8695382587798539e-03   6.7705991092387979e-02
  -3.4514513383267997e-02  -8.8800364899013634e-02  -3.6961482353612013e-01  -9.8836609499424327e-03   1.8129379921113159e-01   3.0120842068725656e-01  -6.7110318132838562e-03  -1.4921114461031471e-01   1.2683036132481254e-01   2.7753010450663640e-01   8.6243515069200027e-02   3.6650837829605529e-02   2.0156037453768421e+00   3.3226532520835228e-01   1.9136729048747157e-02   4.7369479181405583e-01  -1.0765317295870278e+00  -6.1287351691054870e-02  -1.2237233179392747e-01  -2.5304131673107317e-02   2.2613505734814982e-02   7.4900706996105420e-03   2.2312740721154933e-01  -3.2417850823099156e-02   1.3944507590032904e-01   7.9088264530728883e-02
   4.4921731379349884e-03  -8.4145329668772237e-02   4.6705632867618219e-01   2.1032087486230991e-02  -1.6897728034073520e-01   1.9635446978995527e-01   1.2997349095723258e-04   1.1213774124897683e-02  -6.5275411317287035e-02  -2.2435543172607558e-01   1.7057680257359820e-01   2.7006301601493785e-02   3.3226532520835228e-01   2.0450302279897969e+00   8.2329201588253006e-02  -2.3531829952633318e-01  -2.7880765484888670e-01   1.4490909667198798e-02  -9.5481557036495385e-02  -1.1556936492102765e+00  -1.2511279150461815e-02   1.8213097478924901e-02  -2.1687138718679611e-01   9.4177041303477437e-03  -2.6447081705834430e-01  -1.5015105876070517e-01
   3.5878626747663789e-02  -1.7644517805512655e-02   2.8920306465777264e-02   6.8198482085051557e-03   5.0319470515224160e-02  -1.6001826461611596e-02   2.0451918743927600e-02   7.2758163454572436e-03   1.6797974711471979e-02  -7.6200147462748502e-02  -1.0297588297267340e-01   1.2730885925272268e+00   1.9136729048747157e-02   8.2329201588253006e-02   2.2567066466583654e+00   5.9370622699897596e-03   8.1250771848042802e-02  -2.4003711087409813e-02  -6.3035174757098467e-02   2.6722387708540654e-03  -4.3984843115934508e-02  -9.9568433293624997e-02   1.1436420155015049e-02  -1.3507438690994605e-02  -3.6573851375785914e-02  -5.5019492700328507e-02
  -2.8438968719786666e-02   4.7340512516841116e-01   2.0753749039818542e-01   1.8116245954912780e-02  -3.5852221943042217e-01  -2.3569169570568826e-01  -4.1833514293150381e-02   3.6578315408653050e-01  -2.2891038414369044e-01  -5.7552288918822837e-02   3.4326776321189589e-01   5.3056073637597262e-02   4.7369479181405583e-01  -2.3531829952633318e-01   5.9370622699897596e-03   1.2233051916276507e+00  -2.7303058945645975e-01   1.2785252936373682e-02  -3.5264575043918606e-01   3.6549088126258356e-01   3.0258693175521729e-02  -1.4998393240828886e-01   4.4443627053779314e-02   9.0605365271572737e-03   6.8369369073248853e-01   4.3049545721806096e-02
   3.0923442462693421e-02  -1.7576563621446732e-03   5.1962373122549521e-01   1.1142412110527983e-03   6.7286366477168985e-02  -1.7370987068095786e-01   1.1946048946972255e-02  -2.6370657005737045e-02   6.3601175138137761e-02  -7.4965135322768661e-02  -8.2348799082513413e-02   6.1491944990161890e-02  -1.0765317295870278e+00  -2.7880765484888670e-01   8.1250771848042802e-02  -2.7303058945645975e-01   2.0549081045190571e+00   4.9680397758877982e-02  -2.0468763966299175e-01   1.2687559320163272e-01  -3.7488415227706268e-02   7.2943556948620397e-02  -2.6518905523216812e-01   3.7552522607746240e-02  -8.8185453086969040e-02   5.4210602164287691e-02
   2.1071417929147976e-02  -1.6375199134326789e-02  -3.3302042863635514e-02   6.0179563380759384e-03   1.3044136052397681e-01  -2.6591349985910728e-02   1.2500372698525336e-02  -2.5792919861407027e-02   2.7477240581670052e-02  -3.9733745960040256e-02  -5.7935108511462795e-02  -3.2446900272765256e-02  -6.1287351691054870e-02   1.4490909667198798e-02  -2.4003711087409813e-02   1.2785252936373682e-02   4.9680397758877982e-02   2.2773375731481691e+00  -8.0481723242793290e-02  -5.2039852745174378e-02   1.2773022723801142e+00   1.0536874210520351e-02   1.1208486754532988e-02  -2.2455972595504997e-02   5.5568279411202792e-03   1.0415447702745720e-01
   8.3916967431482581e-02   7.4436178983318238e-02  -6.5767804047129585e-01  -2.7095083227760351e-02   2.4659290055820490e-01  -1.8499984033848327e-01   7.3176433348026149e-02   1.4974496746036420e-01   2.4431697600440377e-01   2.9745268812202669e-01  -7.8227570805812807e-01  -5.4606970076182475e-02  -1.2237233179392747e-01  -9.5481557036495385e-02  -6.3035174757098467e-02  -3.5264575043918606e-01  -2.0468763966299175e-01  -8.0481723242793290e-02   1.6552167059240399e+00   1.0592216850451283e-01  -6.5901612518645764e-02  -1.1483203187025740e-01   4.0404982905793552e-01  -3.8774303812278615e-02  -6.4226531549189403e-01  -8.4042119482067301e-02
  -1.4956914355472733e-02  -2.8474666531133713e-02  -3.6218726553380282e-01   2.4759092910952747e-02  -9.9757601229525553e-02   2.6007418937023224e-01  -6.0925465866865005e-03  -2.2071243467937235e-02  -1.7877598210128753e-01   1.8516913307713193e-01   1.6712877989300379e-01   6.1231066581941572e-02  -2.5304131673107317e-02  -1.1556936492102765e+00   2.6722387708540654e-03   3.6549088126258356e-01   1.2687559320163272e-01  -5.2039852745174378e-02   1.0592216850451283e-01   2.0650018330941027e+00  -4.8537840900851246e-04  -1.0933313243509707e-01  -1.7851890257521635e-01  -6.5657882198105130e-02   2.8574112686918507e-01  -3.9977414712709811e-02
   3.8761413473372461e-02  -7.0960611520882889e-03  -3.8433116817012017e-02   1.2618771615116493e-02   2.9964624368090047e-02  -2.2484156354897915e-02   2.0617098476452374e-02  -2.7002733073292979e-03  -3.0876084369634876e-02  -7.5681858859630455e-02  -9.0999353786441334e-02  -2.9743631299315780e-02   2.2613505734814982e-02  -1.2511279150461815e-02  -4.3984843115934508e-02   3.0258693175521729e-02  -3.7488415227706268e-02   1.2773022723801142e+00  -6.5901612518645764e-02  -4.8537840900851246e-04   2.2629516023172687e+00  -1.2223539617635351e-01   1.8822652577234196e-03  -2.6849713280752585e-02   1.0487800731867322e-02  -3.3581926882983101e-02
   5.8398993356227613e-03   3.7335848022122181e-01   8.6789397041513047e-02  -9.1232084947359231e-03   4.9214158665299726e-02   4.8013465522244968e-03   5.8538643599126928e-03   3.0888821865335736e-01   1.4534827747364121e-01   3.0787634506346062e-01  -3.7494594691276140e-02  -5.1525463031134242e-03   7.4900706996105420e-03   1.8213097478924901e-02  -9.9568433293624997e-02  -1.4998393240828886e-01   7.2943556948620397e-02   1.0536874210520351e-02  -1.1483203187025740e-01  -1.0933313243509707e-01  -1.2223539617635351e-01   2.1768520428721843e+00  -8.5200833654028973e-02   9.7262237582251103e-03  -8.9113214264857299e-02   1.2184855521422304e+00
   1.3490106340469810e-01   2.8368733650023259e-01   5.3624499000797288e-01   1.0097946491268774e-02  -8.5817960395759646e-02  -1.0380624845457442e+00   2.4357257757961437e-02   4.9117153346048698e-01   2.6921535859394295e-02   3.1961439133314690e-01  -1.5693964189161225e-01   2.2612758240580538e-02   2.2312740721154933e-01  -2.1687138718679611e-01   1.1436420155015049e-02   4.4443627053779314e-02  -2.6518905523216812e-01   1.1208486754532988e-02   4.0404982905793552e-01  -1.7851890257521635e-01   1.8822652577234196e-03  -8.5200833654028973e-02   2.3089065995242644e+00   2.6874225983764377e-02   9.8374632676621596e-02  -1.2737645687430624e-01
  -1.2791130412762732e+00  -2.8644708259044989e-03  -2.3842772129883477e-02   1.0070524961035329e-02   1.1950502712742359e-01  -1.4895146654885938e-01   1.3698853614193577e-02  -8.5680684233620120e-03   2.2494719099738470e-03   7.0723615903718522e-03  -6.0217553007578889e-02  -1.8618596958643333e-02  -3.2417850823099156e-02   9.4177041303477437e-03  -1.3507438690994605e-02   9.0605365271572737e-03   3.7552522607746240e-02  -2.2455972595504997e-02  -3.8774303812278615e-02  -6.5657882198105130e-02  -2.6849713280752585e-02   9.7262237582251103e-03   2.6874225983764377e-02   2.2867193198496052e+00   3.4160945846482813e-02  -1.4669129230425324e-02
  -1.7189203246830171e-02  -2.7690636335811463e-02   4.5391482880007017e-01  -1.3291848055201854e-02   3.8130011531318408e-01   1.4671255030121377e-01  -2.9188089385569979e-02  -2.7387941597277421e-02   3.2601875686042570e-01   7.9975918944262425e-02   5.0126302050704630e-01  -1.8695382587798539e-03   1.3944507590032904e-01  -2.6447081705834430e-01  -3.6573851375785914e-02   6.8369369073248853e-01  -8.8185453086969040e-02   5.5568279411202792e-03  -6.4226531549189403e-01   2.8574112686918507e-01   1.0487800731867322e-02  -8.9113214264857299e-02   9.8374632676621596e-02   3.4160945846482813e-02   1.5342597920058523e+00  -1.6562340860717828e-01
   2.5497738703001954e-02   6.7008249378040369e-02   1.1342984855577556e-01   7.1051201051760262e-03   3.0112677712145906e-02   2.0463180870488193e-01   1.8458003436113098e-02   9.2984359029677527e-02   1.0568256968498568e-01   3.2396477027323267e-01   1.7527056396313599e-02   6.7705991092387979e-02   7.9088264530728883e-02  -1.5015105876070517e-01  -5.5019492700328507e-02   4.3049545721806096e-02   5.4210602164287691e-02   1.0415447702745720e-01  -8.4042119482067301e-02  -3.9977414712709811e-02  -3.3581926882983101e-02   1.2184855521422304e+00  -1.2737645687430624e-01  -1.4669129230425324e-02  -1.6562340860717828e-01   2.1176464651966107e+00
