%%MatrixMarket matrix array real general
6 6
   2.4067885844906858e+00   1.8909892265229213e+00   1.6085630113320581e+00   1.7313220062849464e+00   2.2693592027770961e+00  -1.7559410906148722e+00
   1.8909892265229213e+00   1.4842974957593227e+00   1.4479390329871029e+00   1.5672924054650939e+00   1.8075956792859653e+00  -1.5806843379522753e+00
   1.6085630113320581e+00   1.4479390329871029e+00   1.4488165931355688e+00   1.9413674731950725e+00   1.4442902434321518e+00  -1.8362154547059348e+00
   1.7313220062849464e+00   1.5672924054650939e+00   1.9413674731950725e+00   2.5122846764911015e+00   1.4185276508529481e+00  -2.3426307010027343e+00
   2.2693592027770961e+00   1.8075956792859653e+00   1.4442902434321518e+00   1.4185276508529481e+00   2.1855234017746383e+00  -1.5708325120009086e+00
  -1.7559410906148722e+00  -1.5806843379522753e+00  -1.8362154547059348e+00  -2.3426307010027343e+00  -1.5708325120009086e+00   2.1982440189119550e+00
