%%MatrixMarket matrix array real general
7 7
   2.9620721126372746e+02  -4.8325877326749271e+01   1.7065291307095097e+02   5.4756198686606410e+01  -5.4334875051370382e+01   8.8085267998278468e+01   5.8502850141945579e+01
  -4.8325877326749271e+01   2.3803636561410269e+01  -5.7375396256788214e+01  -6.8379350282211391e+01   3.8624750124933428e+01   1.0297046970466898e+01  -1.8785428175613191e+01
   1.7065291307095097e+02  -5.7375396256788214e+01   2.3190002793522220e+02   8.1657783213864633e+01  -7.7486010660380757e+01   4.8292671195475094e+01   1.1885314853358324e+02
   5.4756198686606410e+01  -6.8379350282211391e+01   8.1657783213864633e+01   1.7149134638565883e+02  -8.3127894156410761e+01  -6.9788850323979673e+01   3.3400350788717610e+00
  -5.4334875051370382e+01   3.8624750124933428e+01  -7.7486010660380757e+01  -8.3127894156410761e+01   7.2649627465494575e+01   1.3647241045791638e+01  -2.6961733065623214e+01
   8.8085267998278468e+01   1.0297046970466898e+01   4.8292671195475094e+01  -6.9788850323979673e+01   1.3647241045791638e+01   7.9481969398465736e+01   2.9207714903554194e+01
   5.8502850141945579e+01  -1.8785428175613191e+01   1.1885314853358324e+02   3.3400350788717610e+00  -2.6961733065623214e+01   2.9207714903554194e+01   1.6763661036295267e+02
