%%MatrixMarket matrix array real general
7 7
   2.9643635157494799e+02  -6.0462126346485917e+01   1.7069984893893783e+02   5.4810963297673929e+01  -5.4374870931233843e+01   8.8158171833591226e+01   5.8459249533525295e+01
  -6.0462126346485917e+01   2.0469803719452830e+01  -6.1133098532437472e+01  -6.5373547071691632e+01   3.8869892675261113e+01   2.7245634513972075e+00  -1.7928551453861402e+01
   1.7069984893893783e+02  -6.1133098532437472e+01   2.3211556688412827e+02   8.1670747763377250e+01  -7.7558456046432511e+01   4.8316381787451547e+01   1.1887355222187227e+02
   5.4810963297673929e+01  -6.5373547071691632e+01   8.1670747763377250e+01   1.7158926938797504e+02  -8.3156793965728838e+01  -6.9799899610913869e+01   3.2678080307291433e+00
  -5.4374870931233843e+01   3.8869892675261113e+01  -7.7558456046432511e+01  -8.3156793965728838e+01   7.2767140924962831e+01   1.3647197716060704e+01  -2.6962262473849325e+01
   8.8158171833591226e+01   2.7245634513972075e+00   4.8316381787451547e+01  -6.9799899610913869e+01   1.3647197716060704e+01   7.9608569285633095e+01   2.9235579865557078e+01
   5.8459249533525295e+01  -1.7928551453861402e+01   1.1887355222187227e+02   3.2678080307291433e+00  -2.6962262473849325e+01   2.9235579865557078e+01   1.6783035662736762e+02
